# dimensions of scene, in number of cells
DIMENSIONS 16 16
# height of walls
HEIGHT 10
# cell size
CELLSIZE 10

# textures
TEXTURES 10  # number of textures
wall1.ppm
wall2.ppm
wall3.ppm
wall4.ppm
wall5.ppm
wall6.ppm
wall7.ppm
monaLisa.ppm
floor.ppm
ceiling.ppm

WALLPLAN
# floor plan, indicating which walls have which textures
# +___+___+___+___+___+___+___+___+___+___+___+___+___+___+___+___
    1   2   1   2   1   2   1   2   1   2   1   2   1   2   1   0 # +
  1   0   0   0   0   0   0   0   0   0   0   0   0   0   0   5   # |
    0   1   1   1   1   1   1   1   1   0   1   1   1   1   1   0 # +
  7   1   0   0   0   0   0   0   0   1   1   0   0   0   0   6   # |
    0   0   0   1   0   1   0   1   0   0   1   1   0   1   0   0 # +
  1   1   1   1   1   1   1   1   1   1   0   0   0   1   0   5   # |
    0   0   1   0   1   0   1   0   1   1   1   1   0   0   1   0 # +
  7   1   0   0   0   0   0   0   0   0   0   0   1   1   0   6   # |
    0   1   2   1   2   1   2   1   2   1   0   0   0   1   0   0 # +
  1   0   0   0   0   0   0   0   0   0   0   1   1   1   0   5   # |
    1   1   2   1   2   1   0   1   2   1   0   0   0   1   1   0 # +
  7   0   0   0   0   0   1   1   0   0   1   1   1   0   0   6   # |
    0   1   1   1   1   0   1   0   1   0   0   0   1   1   0   0 # +
  1   1   0   0   0   1   1   0   0   1   0   1   0   0   1   5   # |
    0   0   0   0   0   0   0   0   0   1   1   1   1   1   0   0 # +
  7   1   0   0   0   1   0   0   0   0   0   1   0   0   1   6   # |
    0   0   0   0   0   0   0   0   0   1   0   0   1   1   0   0 # +
  1   0   0   0   0   1   1   0   0   1   1   1   0   0   1   5   # |
    1   1   1   0   1   0   1   0   1   0   0   1   1   0   0   0 # +
  7   0   0   0   1   0   0   0   0   0   1   0   0   0   1   6   # |
    0   0   0   0   0   1   1   8   1   1   1   1   1   1   0   0 # +
  1   0   0   0   1   1   0   0   0   0   0   0   0   0   1   5   # |
    1   1   0   1   0   0   0   0   0   1   1   1   1   0   0   0 # +
  7   0   0   0   1   1   1   4   4   1   0   1   0   1   1   6   # |
    0   0   0   0   0   0   0   0   0   0   0   0   0   0   0   0 # +
  1   0   1   0   1   1   1   4   4   1   0   1   1   1   1   5   # |
    1   3   0   3   0   0   0   0   0   1   0   0   0   0   0   0 # +
  7   0   0   0   0   1   1   4   4   0   1   1   1   1   1   6   # |
    1   3   1   3   1   0   0   0   0   0   0   0   0   1   0   0 # +
  1   0   0   0   0   0   0   4   4   0   0   0   1   0   0   5   # |
    1   1   1   1   1   1   1   0   1   1   1   1   1   1   1   0 # +
  0   0   0   0   0   0   0   0   0   0   0   0   0   0   0   0   # |

FLOORPLAN
   9 9 9 9 9 9 9 9 9 9 9 9 9 9 9 9
   9 9 9 9 9 9 9 9 9 9 9 9 9 9 9 9
   9 9 9 9 9 9 9 9 9 9 9 9 9 9 9 9
   9 9 9 9 9 9 9 9 9 9 9 9 9 9 9 9
   9 9 9 9 9 9 9 9 9 9 9 9 9 9 9 9
   9 9 9 9 9 9 9 9 9 9 9 9 9 9 9 9
   9 9 9 9 9 9 9 9 9 9 9 9 9 9 9 9
   9 9 9 9 9 9 9 9 9 9 9 9 9 9 9 9
   9 9 9 9 9 9 9 9 9 9 9 9 9 9 9 9
   9 9 9 9 9 9 9 9 9 9 9 9 9 9 9 9
   9 9 9 9 9 9 9 9 9 9 9 9 9 9 9 9
   9 9 9 9 9 9 9 9 9 9 9 9 9 9 9 9
   9 9 9 9 9 9 9 9 9 9 9 9 9 9 9 9
   9 9 9 9 9 9 9 9 9 9 9 9 9 9 9 9
   9 9 9 9 9 9 9 9 9 9 9 9 9 9 9 9
   9 9 9 9 9 9 9 9 9 9 9 9 9 9 9 9

CEILINGPLAN
   10 10 10 10 10 10 10 10 10 10 10 10 10 10 10 10
   10 10 10 10 10 10 10 10 10 10 10 10 10 10 10 10
   10 10 10 10 10 10 10 10 10 10 10 10 10 10 10 10
   10 10 10 10 10 10 10 10 10 10 10 10 10 10 10 10
   10 10 10 10 10 10 10 10 10 10 10 10 10 10 10 10
   10 10 10 10 10 10 10 10 10 10 10 10 10 10 10 10
   10 10 10 10 10 10 10 10 10 10 10 10 10 10 10 10
   10 10 10 10 10 10 10 10 10 10 10 10 10 10 10 10
   10 10 10 10 10 10 10 10 10 10 10 10 10 10 10 10
   10 10 10 10 10 10 10 10 10 10 10 10 10 10 10 10
   10 10 10 10 10 10 10 10 10 10 10 10 10 10 10 10
   10 10 10 10 10 10 10 10 10 10 10 10 10 10 10 10
   10 10 10 10 10 10 10 10 10 10 10 10 10 10 10 10
   10 10 10 10 10 10 10 10 10 10 10 10 10 10 10 10
   10 10 10 10 10 10 10 10 10 10 10 10 10 10 10 10
   10 10 10 10 10 10 10 10 10 10 10 10 10 10 10 10

# end of the file












